v 0.000000 0.000000
v -0.000000 0.378918
v -0.000000 0.607492
v -0.000000 0.794871
v 0.000000 1.000000
v 0.191734 0.691957
v 0.190838 0.846327
v 0.223505 0.526758
v 0.237790 1.000000
v 0.265186 0.778891
v 0.285407 0.298917
v 0.284401 0.633038
v 0.287317 0.711028
v 0.291414 0.868431
v 0.322219 0.759802
v 0.322221 0.803231
v 0.331492 0.722393
v 0.333337 0.681525
v 0.343583 0.572739
v 0.343432 0.835004
v 0.343385 0.920075
v 0.349944 0.643484
v 0.350358 0.739649
v 0.350428 0.761318
v 0.354218 0.714677
v 0.353328 0.781421
v 0.359966 0.696236
v 0.359233 0.801815
v 0.364275 0.468970
v 0.363014 0.866417
v 0.368631 0.677598
v 0.367943 0.821140
v 0.371747 1.000000
v 0.375420 0.725685
v 0.376779 0.775696
v 0.379106 0.619729
v 0.379055 0.661274
v 0.380552 0.750649
v 0.379438 0.839246
v 0.386669 0.701323
v 0.387221 0.799747
v 0.390992 0.646960
v 0.394234 0.856365
v 0.395203 0.892121
v 0.399800 0.678014
v 0.400630 0.726927
v 0.401449 0.774008
v 0.399433 0.822845
v 0.407204 0.632148
v 0.407853 0.594950
v 0.411449 0.750428
v 0.410362 0.870270
v 0.416025 0.656510
v 0.414350 0.702113
v 0.414708 0.798894
v 0.415506 0.843159
v 0.420663 0.546385
v 0.417966 0.926116
v 0.423543 0.620949
v 0.428953 0.677960
v 0.428029 0.726476
v 0.428480 0.774527
v 0.429102 0.822551
v 0.428665 0.881952
v 0.441069 0.612061
v 0.439422 0.648236
v 0.442257 0.701810
v 0.440703 0.750569
v 0.438579 0.852265
v 0.442700 0.799143
v 0.446388 0.890092
v 0.450300 0.584160
v 0.454607 0.675041
v 0.455707 0.726321
v 0.456087 0.775043
v 0.454649 0.826031
v 0.458213 0.631260
v 0.457543 0.868315
v 0.458930 0.925755
v 0.458775 1.000000
v 0.462776 0.604692
v 0.466379 0.896184
v 0.469849 0.653492
v 0.469032 0.700937
v 0.469030 0.750947
v 0.469452 0.800731
v 0.469784 0.846945
v 0.479210 0.486176
v 0.481558 0.601138
v 0.484162 0.562130
v 0.485156 0.627734
v 0.483268 0.677586
v 0.482999 0.726467
v 0.483394 0.776079
v 0.483845 0.823752
v 0.484369 0.872431
v 0.486831 0.899421
v 0.495636 -0.000000
v 0.494133 0.335500
v 0.496945 0.702666
v 0.496689 0.751776
v 0.497439 0.935888
v 0.500451 0.600001
v 0.497501 0.652778
v 0.497921 0.800051
v 0.497899 0.848097
v 0.512319 0.627710
v 0.510797 0.678684
v 0.510754 0.727694
v 0.511519 0.776444
v 0.512199 0.824266
v 0.510856 0.872958
v 0.508055 0.899784
v 0.521472 0.577288
v 0.522696 0.601727
v 0.524410 0.654988
v 0.524823 0.704099
v 0.524558 0.751937
v 0.526348 0.801588
v 0.526057 0.848031
v 0.528401 0.897287
v 0.535764 0.926695
v 0.541982 0.605995
v 0.539038 0.632594
v 0.538534 0.681476
v 0.539192 0.727675
v 0.538990 0.776618
v 0.541279 0.827426
v 0.537954 0.869849
v 0.538050 1.000000
v 0.545257 0.534029
v 0.551534 0.660470
v 0.552076 0.752051
v 0.548715 0.891869
v 0.554206 0.703923
v 0.553404 0.801325
v 0.557111 0.854242
v 0.561799 0.613322
v 0.564935 0.581152
v 0.565080 0.642001
v 0.566600 0.777256
v 0.567191 0.825302
v 0.566677 0.884366
v 0.569254 0.681150
v 0.567572 0.727283
v 0.576390 0.926974
v 0.579541 0.622826
v 0.578585 0.752350
v 0.581777 0.802200
v 0.580957 0.846382
v 0.583696 0.659613
v 0.583923 0.703068
v 0.584657 0.873827
v 0.596239 0.601150
v 0.596753 0.635375
v 0.595308 0.727194
v 0.593871 0.778295
v 0.597073 0.826060
v 0.599332 0.454730
v 0.600698 0.679737
v 0.601930 0.860047
v 0.600904 0.893001
v 0.603514 0.752999
v 0.611634 0.649811
v 0.610432 0.803539
v 0.613058 0.703052
v 0.616901 0.843990
v 0.622387 0.727888
v 0.620497 0.779733
v 0.626193 0.551490
v 0.623249 0.664503
v 0.626191 0.753973
v 0.625019 1.000000
v 0.629004 0.620025
v 0.628120 0.828008
v 0.633804 0.682203
v 0.634788 0.867259
v 0.642094 0.701946
v 0.637876 0.809077
v 0.647271 0.721517
v 0.645306 0.787230
v 0.646023 0.922230
v 0.649892 0.744317
v 0.649031 0.767022
v 0.653333 0.652295
v 0.660657 0.837752
v 0.666979 0.688162
v 0.668498 0.801161
v 0.672810 0.722199
v 0.674874 0.765118
v 0.691845 0.597537
v 0.706573 0.883283
v 0.714181 0.738497
v 0.722321 0.280507
v 0.719742 0.669168
v 0.722412 0.807497
v 0.743473 0.483899
v 0.756533 1.000000
v 0.802333 0.737476
v 0.825865 0.606603
v 0.828176 0.861567
v 1.000000 0.000000
v 1.000000 0.432885
v 1.000000 0.724733
v 1.000000 1.000000
t 202 203 194
t 194 98 202
t 8 3 2
t 1 98 11
t 2 1 11
t 11 8 2
t 29 8 11
t 159 194 197
t 197 194 203
t 12 8 19
t 19 8 29
t 98 194 99
t 99 11 98
t 99 194 159
t 159 88 99
t 29 11 99
t 99 88 29
t 200 204 199
t 200 197 203
t 203 204 200
t 6 4 3
t 6 8 12
t 3 8 6
t 29 88 57
t 57 19 29
t 50 19 57
t 36 19 50
t 197 200 191
t 5 4 7
t 4 6 7
t 205 198 201
t 201 204 205
t 199 204 201
t 159 197 170
t 197 191 170
t 154 139 170
t 195 191 200
t 195 200 199
t 199 193 195
t 5 7 9
t 130 80 102
t 131 88 159
t 139 114 131
t 159 170 131
t 131 170 139
t 90 57 88
t 88 131 90
t 90 131 114
t 192 201 198
t 191 195 185
t 185 195 187
t 123 114 139
t 79 102 80
t 97 102 79
t 130 102 122
t 13 6 12
t 50 57 72
t 57 90 72
t 177 192 182
t 198 173 182
t 182 192 198
t 201 192 196
t 196 193 199
t 199 201 196
t 191 185 174
t 154 170 174
t 174 170 191
t 176 185 187
t 189 195 193
t 187 195 189
t 10 7 6
t 6 13 10
t 113 102 97
t 113 122 102
t 18 13 12
t 49 36 50
t 146 182 173
t 146 173 130
t 130 122 146
t 193 196 190
t 190 189 193
t 186 192 177
t 186 196 192
t 189 190 183
t 178 176 187
t 187 189 178
t 164 174 185
t 13 18 17
t 22 18 12
t 12 19 22
t 19 36 22
t 18 22 31
t 177 182 162
t 182 146 162
t 181 190 188
t 188 179 181
t 186 179 188
t 188 190 196
t 196 186 188
t 189 183 180
t 180 178 189
t 174 164 155
t 154 174 155
t 155 147 154
t 185 176 171
t 171 164 185
t 80 33 58
t 58 79 80
t 14 9 7
t 7 10 14
t 103 90 114
t 50 72 65
t 72 81 65
t 18 31 27
t 36 49 42
t 42 22 36
t 161 167 177
t 177 162 161
t 175 179 186
t 177 167 175
t 175 186 177
t 184 190 181
t 184 183 190
t 21 58 33
t 21 14 30
t 21 33 9
t 9 14 21
t 15 17 23
t 15 10 13
t 13 17 15
t 30 14 20
t 90 103 89
t 89 72 90
t 89 81 72
t 114 123 115
t 115 103 114
t 59 49 50
t 50 65 59
t 25 17 18
t 18 27 25
t 23 17 25
t 143 162 146
t 44 21 30
t 58 21 44
t 44 64 58
t 30 20 39
t 97 79 82
t 79 58 71
t 58 64 71
t 71 82 79
t 24 15 23
t 26 15 24
t 16 14 10
t 16 20 14
t 10 15 16
t 16 15 26
t 138 123 139
t 138 139 154
t 154 147 138
t 153 161 162
t 162 143 153
t 122 113 121
t 134 146 122
t 134 143 146
t 122 121 134
t 32 39 20
t 43 44 30
t 30 39 43
t 37 31 22
t 22 42 37
t 20 16 28
t 28 32 20
t 28 16 26
t 64 44 52
t 44 43 52
t 65 77 59
t 42 49 53
t 56 63 69
t 69 63 76
t 87 76 95
t 78 69 87
t 87 69 76
t 95 76 86
t 118 110 101
t 27 31 40
t 40 34 27
t 25 34 23
t 27 34 25
t 77 65 81
t 59 77 66
t 66 49 59
t 66 53 49
t 66 77 83
t 83 73 66
t 166 178 168
t 142 136 149
t 149 136 141
t 119 110 127
t 127 136 119
t 141 136 127
t 110 118 127
t 128 136 142
t 119 136 128
t 128 111 119
t 120 111 128
t 101 85 93
t 78 71 64
t 64 69 78
t 76 63 70
t 70 86 76
t 70 63 55
t 55 62 70
t 95 86 105
t 105 111 95
t 105 110 119
t 119 111 105
t 94 85 101
t 94 105 86
t 101 110 94
t 110 105 94
t 38 35 24
t 38 24 23
t 23 34 38
t 46 61 51
t 51 38 46
t 46 38 34
t 54 61 46
t 46 40 54
t 34 40 46
t 51 62 47
t 47 38 51
t 35 38 47
t 47 62 55
t 51 61 68
t 68 62 51
t 144 160 152
t 152 160 166
t 152 135 144
t 145 135 152
t 133 145 148
t 133 127 118
t 148 141 133
t 141 127 133
t 91 81 89
t 77 81 91
t 83 77 91
t 103 91 89
t 107 91 103
t 124 107 115
t 115 123 124
t 107 103 115
t 41 47 55
t 35 47 41
t 32 28 41
t 41 28 35
t 82 71 78
t 153 150 161
t 45 37 42
t 42 53 45
t 45 31 37
t 45 40 31
t 54 40 45
t 54 45 60
t 60 45 53
t 53 66 60
t 60 66 73
t 171 160 164
t 176 178 166
t 176 160 171
t 166 160 176
t 183 184 172
t 172 168 183
t 183 168 180
t 180 168 178
t 158 175 167
t 167 161 158
t 158 161 150
t 158 150 142
t 142 149 158
t 106 111 120
t 106 87 95
t 95 111 106
t 121 129 134
t 134 129 143
t 137 143 129
t 142 150 137
t 137 128 142
t 137 129 120
t 120 128 137
t 137 150 153
t 153 143 137
t 92 73 83
t 84 73 92
t 116 107 124
t 101 93 109
t 109 118 101
t 84 93 74
t 74 93 85
t 85 68 74
t 74 68 61
t 100 108 117
t 117 109 100
t 100 109 93
t 100 93 84
t 84 92 100
t 100 92 108
t 52 43 56
t 56 69 52
t 69 64 52
t 75 70 62
t 75 68 85
t 62 68 75
t 85 94 75
t 86 70 75
t 75 94 86
t 145 152 156
t 148 145 156
t 166 168 156
t 156 152 166
t 126 135 145
t 145 133 126
t 117 135 126
t 126 133 118
t 126 109 117
t 118 109 126
t 151 160 144
t 151 140 155
t 155 164 151
t 151 164 160
t 155 140 147
t 24 35 26
t 35 28 26
t 48 41 55
t 48 63 56
t 55 63 48
t 56 43 48
t 43 39 48
t 39 32 48
t 32 41 48
t 148 156 163
t 168 172 163
t 163 156 168
t 169 172 184
t 169 163 172
t 96 82 78
t 97 82 96
t 78 87 96
t 87 106 96
t 120 129 112
t 112 106 120
t 112 96 106
t 112 121 113
t 129 121 112
t 113 97 112
t 97 96 112
t 104 91 107
t 107 116 104
t 83 91 104
t 104 92 83
t 108 92 104
t 104 116 108
t 144 135 125
t 108 116 125
t 117 108 125
t 125 135 117
t 124 140 132
t 132 116 124
t 132 125 116
t 144 125 132
t 132 151 144
t 140 151 132
t 84 74 67
t 67 74 61
t 67 61 54
t 54 60 67
t 67 73 84
t 67 60 73
t 138 147 140
t 124 123 138
t 138 140 124
t 175 158 165
t 165 158 149
t 181 169 184
t 157 149 141
t 163 169 157
t 157 165 149
t 169 165 157
t 157 141 148
t 148 163 157
t 179 165 169
t 169 181 179
t 175 165 179
l 202 203 194 0
l 194 98 202 0
l 8 3 2 0
l 1 98 11 0
l 2 1 11 0
l 11 8 2 0
l 29 8 11 0
l 159 194 197 0
l 197 194 203 0
l 12 8 19 0
l 19 8 29 0
l 98 194 99 0
l 99 11 98 0
l 99 194 159 0
l 159 88 99 0
l 29 11 99 0
l 99 88 29 0
l 200 204 199 0
l 200 197 203 0
l 203 204 200 0
l 6 4 3 0
l 6 8 12 0
l 3 8 6 0
l 29 88 57 0
l 57 19 29 0
l 50 19 57 0
l 36 19 50 0
l 197 200 191 0
l 5 4 7 0
l 4 6 7 0
l 205 198 201 0
l 201 204 205 0
l 199 204 201 0
l 159 197 170 0
l 197 191 170 0
l 154 139 170 0
l 195 191 200 0
l 195 200 199 0
l 199 193 195 0
l 5 7 9 0
l 130 80 102 0
l 131 88 159 0
l 139 114 131 0
l 159 170 131 0
l 131 170 139 0
l 90 57 88 0
l 88 131 90 0
l 90 131 114 0
l 192 201 198 0
l 191 195 185 0
l 185 195 187 0
l 123 114 139 0
l 79 102 80 0
l 97 102 79 0
l 130 102 122 0
l 13 6 12 0
l 50 57 72 0
l 57 90 72 0
l 177 192 182 0
l 198 173 182 0
l 182 192 198 0
l 201 192 196 0
l 196 193 199 0
l 199 201 196 0
l 191 185 174 0
l 154 170 174 0
l 174 170 191 0
l 176 185 187 0
l 189 195 193 0
l 187 195 189 0
l 10 7 6 0
l 6 13 10 0
l 113 102 97 0
l 113 122 102 0
l 18 13 12 0
l 49 36 50 0
l 146 182 173 0
l 146 173 130 0
l 130 122 146 0
l 193 196 190 0
l 190 189 193 0
l 186 192 177 0
l 186 196 192 0
l 189 190 183 0
l 178 176 187 0
l 187 189 178 0
l 164 174 185 0
l 13 18 17 0
l 22 18 12 0
l 12 19 22 0
l 19 36 22 0
l 18 22 31 0
l 177 182 162 0
l 182 146 162 0
l 181 190 188 0
l 188 179 181 0
l 186 179 188 0
l 188 190 196 0
l 196 186 188 0
l 189 183 180 0
l 180 178 189 0
l 174 164 155 0
l 154 174 155 0
l 155 147 154 0
l 185 176 171 0
l 171 164 185 0
l 80 33 58 0
l 58 79 80 0
l 14 9 7 0
l 7 10 14 0
l 103 90 114 0
l 50 72 65 0
l 72 81 65 0
l 18 31 27 0
l 36 49 42 0
l 42 22 36 0
l 161 167 177 0
l 177 162 161 0
l 175 179 186 0
l 177 167 175 0
l 175 186 177 0
l 184 190 181 0
l 184 183 190 0
l 21 58 33 0
l 21 14 30 0
l 21 33 9 0
l 9 14 21 0
l 15 17 23 0
l 15 10 13 0
l 13 17 15 0
l 30 14 20 0
l 90 103 89 0
l 89 72 90 0
l 89 81 72 0
l 114 123 115 0
l 115 103 114 0
l 59 49 50 0
l 50 65 59 0
l 25 17 18 0
l 18 27 25 0
l 23 17 25 0
l 143 162 146 0
l 44 21 30 0
l 58 21 44 0
l 44 64 58 0
l 30 20 39 0
l 97 79 82 0
l 79 58 71 0
l 58 64 71 0
l 71 82 79 0
l 24 15 23 0
l 26 15 24 0
l 16 14 10 0
l 16 20 14 0
l 10 15 16 0
l 16 15 26 0
l 138 123 139 0
l 138 139 154 0
l 154 147 138 0
l 153 161 162 0
l 162 143 153 0
l 122 113 121 0
l 134 146 122 0
l 134 143 146 0
l 122 121 134 0
l 32 39 20 0
l 43 44 30 0
l 30 39 43 0
l 37 31 22 0
l 22 42 37 0
l 20 16 28 0
l 28 32 20 0
l 28 16 26 0
l 64 44 52 0
l 44 43 52 0
l 65 77 59 1
l 42 49 53 1
l 56 63 69 1
l 69 63 76 1
l 87 76 95 1
l 78 69 87 1
l 87 69 76 1
l 95 76 86 1
l 118 110 101 1
l 27 31 40 1
l 40 34 27 1
l 25 34 23 1
l 27 34 25 1
l 77 65 81 1
l 59 77 66 1
l 66 49 59 1
l 66 53 49 1
l 66 77 83 1
l 83 73 66 1
l 166 178 168 1
l 142 136 149 1
l 149 136 141 1
l 119 110 127 1
l 127 136 119 1
l 141 136 127 1
l 110 118 127 1
l 128 136 142 1
l 119 136 128 1
l 128 111 119 1
l 120 111 128 1
l 101 85 93 1
l 78 71 64 1
l 64 69 78 1
l 76 63 70 1
l 70 86 76 1
l 70 63 55 1
l 55 62 70 1
l 95 86 105 1
l 105 111 95 1
l 105 110 119 1
l 119 111 105 1
l 94 85 101 1
l 94 105 86 1
l 101 110 94 1
l 110 105 94 1
l 38 35 24 1
l 38 24 23 1
l 23 34 38 1
l 46 61 51 1
l 51 38 46 1
l 46 38 34 1
l 54 61 46 1
l 46 40 54 1
l 34 40 46 1
l 51 62 47 1
l 47 38 51 1
l 35 38 47 1
l 47 62 55 1
l 51 61 68 1
l 68 62 51 1
l 144 160 152 1
l 152 160 166 1
l 152 135 144 1
l 145 135 152 1
l 133 145 148 1
l 133 127 118 1
l 148 141 133 1
l 141 127 133 1
l 91 81 89 1
l 77 81 91 1
l 83 77 91 1
l 103 91 89 1
l 107 91 103 1
l 124 107 115 1
l 115 123 124 1
l 107 103 115 1
l 41 47 55 1
l 35 47 41 1
l 32 28 41 1
l 41 28 35 1
l 82 71 78 1
l 153 150 161 1
l 45 37 42 1
l 42 53 45 1
l 45 31 37 1
l 45 40 31 1
l 54 40 45 1
l 54 45 60 1
l 60 45 53 1
l 53 66 60 1
l 60 66 73 1
l 171 160 164 1
l 176 178 166 1
l 176 160 171 1
l 166 160 176 1
l 183 184 172 1
l 172 168 183 1
l 183 168 180 1
l 180 168 178 1
l 158 175 167 1
l 167 161 158 1
l 158 161 150 1
l 158 150 142 1
l 142 149 158 1
l 106 111 120 1
l 106 87 95 1
l 95 111 106 1
l 121 129 134 1
l 134 129 143 1
l 137 143 129 1
l 142 150 137 1
l 137 128 142 1
l 137 129 120 1
l 120 128 137 1
l 137 150 153 1
l 153 143 137 1
l 92 73 83 1
l 84 73 92 1
l 116 107 124 1
l 101 93 109 1
l 109 118 101 1
l 84 93 74 1
l 74 93 85 1
l 85 68 74 1
l 74 68 61 1
l 100 108 117 1
l 117 109 100 1
l 100 109 93 1
l 100 93 84 1
l 84 92 100 1
l 100 92 108 1
l 52 43 56 1
l 56 69 52 1
l 69 64 52 1
l 75 70 62 1
l 75 68 85 1
l 62 68 75 1
l 85 94 75 1
l 86 70 75 1
l 75 94 86 1
l 145 152 156 1
l 148 145 156 1
l 166 168 156 1
l 156 152 166 1
l 126 135 145 1
l 145 133 126 1
l 117 135 126 1
l 126 133 118 1
l 126 109 117 1
l 118 109 126 1
l 151 160 144 1
l 151 140 155 1
l 155 164 151 1
l 151 164 160 1
l 155 140 147 1
l 24 35 26 1
l 35 28 26 1
l 48 41 55 1
l 48 63 56 1
l 55 63 48 1
l 56 43 48 1
l 43 39 48 1
l 39 32 48 1
l 32 41 48 1
l 148 156 163 1
l 168 172 163 1
l 163 156 168 1
l 169 172 184 1
l 169 163 172 1
l 96 82 78 1
l 97 82 96 1
l 78 87 96 1
l 87 106 96 1
l 120 129 112 1
l 112 106 120 1
l 112 96 106 1
l 112 121 113 1
l 129 121 112 1
l 113 97 112 1
l 97 96 112 1
l 104 91 107 1
l 107 116 104 1
l 83 91 104 1
l 104 92 83 1
l 108 92 104 1
l 104 116 108 1
l 144 135 125 1
l 108 116 125 1
l 117 108 125 1
l 125 135 117 1
l 124 140 132 1
l 132 116 124 1
l 132 125 116 1
l 144 125 132 1
l 132 151 144 1
l 140 151 132 1
l 84 74 67 1
l 67 74 61 1
l 67 61 54 1
l 54 60 67 1
l 67 73 84 1
l 67 60 73 1
l 138 147 140 1
l 124 123 138 1
l 138 140 124 1
l 175 158 165 1
l 165 158 149 1
l 181 169 184 1
l 157 149 141 1
l 163 169 157 1
l 157 165 149 1
l 169 165 157 1
l 157 141 148 1
l 148 163 157 1
l 179 165 169 1
l 169 181 179 1
l 175 165 179 1
