v -1.000000 -1.000000
v -1.000000 -0.784503
v -1.000000 -0.563045
v -1.000000 -0.340915
v -1.000000 -0.118023
v -1.000000 0.104872
v -1.000000 0.330873
v -1.000000 0.554459
v -1.000000 0.777764
v -1.000000 1.000000
v -0.792868 0.324953
v -0.791912 -0.119401
v -0.791581 -0.562589
v -0.788811 1.000000
v -0.774337 -1.000000
v -0.769304 0.759850
v -0.705594 -0.341112
v -0.705585 0.101589
v -0.701928 -0.781134
v -0.699760 0.541455
v -0.576433 1.000000
v -0.540448 -0.120640
v -0.538991 -0.560092
v -0.538811 0.318810
v -0.523740 -1.000000
v -0.517923 0.760702
v -0.420086 -0.340284
v -0.419806 0.098065
v -0.416348 -0.778375
v -0.414488 0.537459
v -0.351389 1.000000
v -0.272690 -0.121594
v -0.271568 -0.558589
v -0.271177 0.316246
v -0.263591 -1.000000
v -0.259763 0.761152
v -0.139553 -0.339946
v -0.139444 0.096641
v -0.138110 -0.777654
v -0.137353 0.536359
v -0.118083 1.000000
v 0.000000 -1.000000
v -0.000000 -0.558264
v 0.000000 -0.121834
v 0.000000 0.315522
v 0.000000 0.761587
v 0.118083 1.000000
v 0.137353 0.536359
v 0.138110 -0.777654
v 0.139444 0.096641
v 0.139553 -0.339946
v 0.259763 0.761152
v 0.263591 -1.000000
v 0.271177 0.316246
v 0.271568 -0.558589
v 0.272690 -0.121594
v 0.351389 1.000000
v 0.414488 0.537459
v 0.416348 -0.778375
v 0.419806 0.098065
v 0.420086 -0.340284
v 0.517923 0.760702
v 0.523740 -1.000000
v 0.538811 0.318810
v 0.538991 -0.560092
v 0.540448 -0.120640
v 0.576433 1.000000
v 0.699760 0.541455
v 0.701928 -0.781134
v 0.705585 0.101589
v 0.705594 -0.341112
v 0.769304 0.759850
v 0.774337 -1.000000
v 0.788811 1.000000
v 0.791581 -0.562589
v 0.791912 -0.119401
v 0.792868 0.324953
v 1.000000 -1.000000
v 1.000000 -0.784503
v 1.000000 -0.563045
v 1.000000 -0.340915
v 1.000000 -0.118023
v 1.000000 0.104872
v 1.000000 0.330873
v 1.000000 0.554459
v 1.000000 0.777764
v 1.000000 1.000000
t 37 51 44
t 43 51 37
t 47 41 46
t 57 47 52
t 52 47 46
t 16 8 20
t 20 26 16
t 20 8 11
t 11 24 20
t 21 16 26
t 46 41 36
t 32 37 44
t 70 76 83
t 25 19 15
t 39 35 42
t 42 49 39
t 39 49 43
t 30 24 34
t 30 36 26
t 30 26 20
t 20 24 30
t 12 17 22
t 6 5 12
t 12 5 4
t 4 17 12
t 73 69 63
t 53 49 42
t 59 69 65
t 63 69 59
t 59 53 63
t 49 53 59
t 8 16 9
t 6 11 7
t 7 11 8
t 16 21 14
t 10 9 14
t 14 9 16
t 31 36 41
t 31 21 26
t 26 36 31
t 83 76 82
t 82 76 81
t 81 76 71
t 71 61 65
t 48 52 46
t 48 45 54
t 54 58 48
t 48 58 52
t 54 45 50
t 50 60 54
t 38 45 34
t 38 32 44
t 44 50 38
t 38 50 45
t 37 32 27
t 27 32 22
t 27 17 23
t 22 17 27
t 1 15 2
t 2 15 19
t 4 3 13
t 13 17 4
t 13 19 23
t 23 17 13
t 3 2 13
t 13 2 19
t 51 61 56
t 60 50 56
t 44 51 56
t 56 50 44
t 66 70 60
t 76 70 66
t 60 56 66
t 66 56 61
t 66 71 76
t 61 71 66
t 25 35 29
t 35 39 29
t 23 19 29
t 29 19 25
t 40 30 34
t 36 30 40
t 34 45 40
t 46 36 40
t 40 48 46
t 45 48 40
t 18 11 6
t 6 12 18
t 18 12 22
t 24 11 18
t 79 73 78
t 69 73 79
t 55 59 65
t 49 59 55
t 65 61 55
t 55 61 51
t 55 51 43
t 43 49 55
t 60 70 64
t 54 60 64
t 64 58 54
t 75 80 81
t 81 71 75
t 75 79 80
t 69 79 75
t 65 69 75
t 75 71 65
t 32 38 28
t 22 32 28
t 34 24 28
t 28 38 34
t 28 18 22
t 24 18 28
t 33 27 23
t 37 27 33
t 23 29 33
t 33 29 39
t 43 37 33
t 33 39 43
t 58 64 68
t 74 67 72
t 74 86 87
t 72 86 74
t 62 67 57
t 57 52 62
t 52 58 62
t 72 67 62
t 58 68 62
t 62 68 72
t 83 84 77
t 77 70 83
t 77 64 70
t 77 68 64
t 85 77 84
t 68 77 85
t 85 86 72
t 72 68 85
l 37 51 44 1
l 43 51 37 1
l 47 41 46 1
l 57 47 52 1
l 52 47 46 1
l 16 8 20 1
l 20 26 16 1
l 20 8 11 1
l 11 24 20 1
l 21 16 26 1
l 46 41 36 1
l 32 37 44 1
l 70 76 83 1
l 25 19 15 1
l 39 35 42 1
l 42 49 39 1
l 39 49 43 1
l 30 24 34 1
l 30 36 26 1
l 30 26 20 1
l 20 24 30 1
l 12 17 22 1
l 6 5 12 1
l 12 5 4 1
l 4 17 12 1
l 73 69 63 1
l 53 49 42 1
l 59 69 65 1
l 63 69 59 1
l 59 53 63 1
l 49 53 59 1
l 8 16 9 1
l 6 11 7 1
l 7 11 8 1
l 16 21 14 1
l 10 9 14 1
l 14 9 16 1
l 31 36 41 1
l 31 21 26 1
l 26 36 31 1
l 83 76 82 1
l 82 76 81 1
l 81 76 71 1
l 71 61 65 1
l 48 52 46 1
l 48 45 54 1
l 54 58 48 1
l 48 58 52 1
l 54 45 50 1
l 50 60 54 1
l 38 45 34 1
l 38 32 44 1
l 44 50 38 1
l 38 50 45 1
l 37 32 27 1
l 27 32 22 1
l 27 17 23 1
l 22 17 27 1
l 1 15 2 1
l 2 15 19 1
l 4 3 13 1
l 13 17 4 1
l 13 19 23 1
l 23 17 13 1
l 3 2 13 1
l 13 2 19 1
l 51 61 56 1
l 60 50 56 1
l 44 51 56 1
l 56 50 44 1
l 66 70 60 1
l 76 70 66 1
l 60 56 66 1
l 66 56 61 1
l 66 71 76 1
l 61 71 66 1
l 25 35 29 1
l 35 39 29 1
l 23 19 29 1
l 29 19 25 1
l 40 30 34 1
l 36 30 40 1
l 34 45 40 1
l 46 36 40 1
l 40 48 46 1
l 45 48 40 1
l 18 11 6 1
l 6 12 18 1
l 18 12 22 1
l 24 11 18 1
l 79 73 78 1
l 69 73 79 1
l 55 59 65 1
l 49 59 55 1
l 65 61 55 1
l 55 61 51 1
l 55 51 43 1
l 43 49 55 1
l 60 70 64 1
l 54 60 64 1
l 64 58 54 1
l 75 80 81 1
l 81 71 75 1
l 75 79 80 1
l 69 79 75 1
l 65 69 75 1
l 75 71 65 1
l 32 38 28 1
l 22 32 28 1
l 34 24 28 1
l 28 38 34 1
l 28 18 22 1
l 24 18 28 1
l 33 27 23 1
l 37 27 33 1
l 23 29 33 1
l 33 29 39 1
l 43 37 33 1
l 33 39 43 1
l 58 64 68 1
l 74 67 72 1
l 74 86 87 1
l 72 86 74 1
l 62 67 57 1
l 57 52 62 1
l 52 58 62 1
l 72 67 62 1
l 58 68 62 1
l 62 68 72 1
l 83 84 77 1
l 77 70 83 1
l 77 64 70 1
l 77 68 64 1
l 85 77 84 1
l 68 77 85 1
l 85 86 72 1
l 72 68 85 1
