v 0 0
v 0 1
v 0 2
v 0 3
v 1 0
v 1 1
v 1 2
v 1 3
v 2 0
v 2 1
v 2 2
v 2 3
v 3 0
v 3 1
v 3 2
v 3 3
v 4 0
v 4 1
v 4 2
v 4 3
t 1 2 6
t 1 5 6
t 2 6 7
t 2 3 7
t 3 7 8
t 3 4 8
t 5 9 10
t 5 6 10
t 6 10 11
t 6 7 11
t 7 11 12
t 7 8 12
t 9 13 14
t 9 10 14
t 10 14 15
t 10 11 15
t 11 15 16
t 11 12 16
t 13 17 18
t 13 14 18
t 14 18 19
t 14 15 19
t 15 19 20
t 15 16 20
l 1 2 6 1
l 1 5 6 1
l 2 6 7 1
l 2 3 7 1
l 3 7 8 1
l 3 4 8 1
l 5 9 10 1
l 5 6 10 1
l 6 10 11 1
l 6 7 11 1
l 7 11 12 1
l 7 8 12 1
l 9 15 14 1
l 9 10 14 1
l 10 14 15 1
l 10 11 15 1
l 11 15 16 1
l 11 12 16 1
l 13 17 18 1
l 13 14 18 1
l 14 18 19 1
l 14 15 19 1
l 15 19 20 1
l 15 16 20 1
