v -1.0 -1.0
v -1.0 1.0
v 1.0 -1.0
v 1.0 1.0
v -0.4 0.2
v 0.4 0.2
v 0.4 -0.2
v -0.4 -0.2
v -0.4 -0.0
v 0.4 -0.0
v -1.0 0.800000000001
v -1.0 0.600000000001
v -1.0 0.400000000002
v -1.0 0.200000000002
v -1.0 2.75224287805e-12
v -1.0 -0.199999999998
v -1.0 -0.399999999998
v -1.0 -0.599999999999
v -1.0 -0.799999999999
v -0.800000000001 -1.0
v -0.600000000001 -1.0
v -0.400000000002 -1.0
v -0.200000000002 -1.0
v -2.75224287805e-12 -1.0
v 0.199999999998 -1.0
v 0.399999999998 -1.0
v 0.599999999999 -1.0
v 0.799999999999 -1.0
v 1.0 -0.800000000001
v 1.0 -0.600000000001
v 1.0 -0.400000000002
v 1.0 -0.200000000002
v 1.0 -2.75224287805e-12
v 1.0 0.199999999998
v 1.0 0.399999999998
v 1.0 0.599999999999
v 1.0 0.799999999999
v -0.800000000001 1.0
v -0.600000000001 1.0
v -0.400000000002 1.0
v -0.200000000002 1.0
v -2.75224287805e-12 1.0
v 0.199999999998 1.0
v 0.399999999998 1.0
v 0.599999999999 1.0
v 0.799999999999 1.0
v -0.2 -0.2
v -1.06303854608e-12 -0.2
v 0.199999999999 -0.2
v 0.2 0.0
v 1.06303854608e-12 0.0
v -0.199999999999 0.0
v 0.2 0.2
v 1.06303854608e-12 0.2
v -0.199999999999 0.2
v -0.582410394292 0.582589391778
v -0.626850172489 -0.58365593934
v 0.581303233852 -0.582838438082
v 0.626850172489 0.583655939339
v -0.100000000001 -0.6
v 0.0654583548893 0.601233120024
v -0.241942446043 0.656043165467
v 0.241942446043 -0.656043165467
v -0.706189469278 0.080395144999
v 0.706189469278 -0.080395144999
v -0.7 -0.290526315789
v 0.7 0.290526315789
v -0.345757575758 -0.728181818182
v 0.345757575758 0.728181818182
v -0.323372005886 -0.456349013719
v 0.323372005886 0.456349013718
v -0.719036390772 0.384361015262
v 0.719071788322 -0.387098262
v 0.0855834689337 -0.418456922688
v -0.0895920729749 0.418692191735
v -0.755625 0.755625
v -0.728013804991 -0.755632740909
v 0.755625 -0.755625
v 0.727043399686 0.754337889696
v -0.392095361903 0.436585093761
v 0.390496130157 -0.436944827312
v -0.428320347005 0.758153178284
v 0.426721115258 -0.758512911835
v 0.0656637052966 -0.782038667188
v -0.0467487601534 0.775812809961
v -0.8083061424 -0.476021746548
v 0.8083061424 0.476021746548
v -0.801578947368 -0.0952631578935
v 0.801578947368 0.0952631578934
v -0.588366558598 -0.1
v 0.588366558598 0.1
v -0.528206480636 -0.800442831939
v 0.528206480635 0.800442831939
v -0.138777176589 -0.394780348628
v 0.135105724289 0.394920195207
v -0.50429834882 -0.387230176739
v 0.504955365758 0.387412576919
v -0.16191246394 -0.798607332688
v 0.158622783452 0.79872477269
v -0.801477785211 0.569216802481
v 0.801358700446 -0.56954861282
v -0.539576702568 0.34023309718
v 0.539576702568 -0.34023309718
v 0.275239962235 -0.834639167959
v -0.275239962235 0.834639167958
v -0.827460950212 0.243372937705
v 0.829076532043 -0.241433793394
v 0.0940145286565 -0.597334391768
v -0.0991488016318 0.597112464337
v -0.603800842228 0.830679756304
v 0.603800842228 -0.830679756304
v -0.863490372696 -0.294908162696
v 0.863490372696 0.294908162696
v -0.389176690735 0.594265360738
v 0.384173965783 -0.595390681077
v 0.542817015802 -0.117970505519
v -0.542817015802 0.117970505519
v -0.255381169834 0.353479605854
v 0.239279098436 -0.355711734691
v -0.427801262605 -0.591238544614
v 0.429480386517 0.591021115408
v -0.862548975174 0.077355835422
v 0.853555178779 -0.0606655363399
v 0.317678245311 0.869857978963
v -0.318116869379 -0.869842320296
v -0.256938230067 -0.59879018187
v 0.247623502333 0.596311175649
v -0.853539849677 -0.639697615356
v 0.853539849677 0.639697615356
v -0.880490462951 0.854898178211
v -0.852098584285 -0.852734010634
v 0.880490462951 -0.854898178211
v 0.855166494841 0.852733150534
v -0.3 -0.312239145532
v 0.3 0.312239145532
v -0.235473592786 0.506540421682
v 0.237990046263 -0.508833665339
v -0.661750874409 0.235879795918
v 0.661971004993 -0.235986209575
v -0.660307390855 -0.434348468276
v 0.660307390855 0.434348468276
v -0.546048343645 -0.242865305219
v 0.541812577227 0.239717669392
v -0.89194213555 0.700000000001
v -0.700000000001 -0.89194213555
v 0.89194213555 -0.700000000001
v 0.699999999999 0.89194213555
v -0.861560748846 0.429221175135
v 0.861560748846 -0.429221175135
v -0.0999999999992 0.1
v 0.3 0.1
v 0.100000000001 0.1
v -0.3 0.1
v -0.3 -0.1
v 0.3 -0.1
v -0.1 -0.1
v 0.0999999999992 -0.100000000001
t 57 128 77
t 59 129 79
t 48 74 49
t 54 75 55
t 57 86 128
t 59 87 129
t 56 72 102
t 58 73 103
t 41 85 42
t 24 25 84
t 41 105 85
t 25 104 84
t 56 100 72
t 58 101 73
t 49 74 119
t 55 75 118
t 44 124 93
t 22 125 92
t 38 76 110
t 28 78 111
t 48 94 74
t 54 95 75
t 26 111 83
t 40 110 82
t 56 102 80
t 58 103 81
t 60 74 94
t 61 75 95
t 42 85 99
t 24 84 98
t 56 110 76
t 58 111 78
t 38 130 76
t 28 132 78
t 26 27 111
t 39 110 40
t 70 126 94
t 71 127 95
t 57 77 92
t 59 79 93
t 56 76 100
t 58 78 101
t 93 124 69
t 68 92 125
t 60 108 74
t 44 93 45
t 21 22 92
t 60 94 126
t 61 95 127
t 56 82 110
t 58 83 111
t 61 109 75
t 39 38 110
t 27 28 111
t 42 99 43
t 23 24 98
t 64 88 90
t 65 89 91
t 17 18 86
t 35 36 87
t 7 81 103
t 5 80 102
t 63 84 104
t 62 85 105
t 7 119 81
t 5 118 80
t 14 106 13
t 32 107 31
t 66 90 88
t 89 67 91
t 13 106 148
t 107 149 31
t 15 16 88
t 33 34 89
t 56 80 114
t 60 98 84
t 61 99 85
t 58 81 115
t 57 92 120
t 59 93 121
t 68 120 92
t 93 69 121
t 40 82 105
t 26 83 104
t 7 103 116
t 5 102 117
t 47 94 48
t 53 95 54
t 9 90 8
t 6 10 91
t 70 94 134
t 71 95 135
t 103 139 116
t 102 138 117
t 8 96 134
t 6 97 135
t 66 112 86
t 87 67 113
t 17 86 112
t 35 87 113
t 16 112 88
t 34 113 89
t 64 90 117
t 65 91 116
t 62 105 82
t 83 63 104
t 66 88 112
t 89 113 67
t 70 134 96
t 71 135 97
t 62 82 114
t 58 115 83
t 19 131 128
t 37 133 129
t 60 126 98
t 61 127 99
t 66 86 140
t 87 141 67
t 56 114 82
t 83 115 63
t 70 96 120
t 57 120 96
t 71 97 121
t 59 121 97
t 68 98 126
t 99 127 69
t 63 108 84
t 61 85 109
t 18 128 86
t 36 129 87
t 5 55 118
t 49 119 7
t 60 84 108
t 62 109 85
t 9 117 90
t 10 116 91
t 57 140 86
t 59 141 87
t 40 105 41
t 25 26 104
t 47 134 94
t 53 135 95
t 12 148 100
t 30 149 101
t 18 19 128
t 36 37 129
t 13 148 12
t 30 31 149
t 77 128 131
t 79 129 133
t 8 142 96
t 6 143 97
t 66 142 90
t 67 143 91
t 15 88 122
t 33 89 123
t 64 122 88
t 65 123 89
t 32 33 123
t 14 15 122
t 21 92 145
t 92 77 145
t 93 79 147
t 45 93 147
t 72 148 106
t 107 73 149
t 2 11 130
t 2 130 38
t 1 131 19
t 28 3 132
t 20 131 1
t 3 29 132
t 37 4 133
t 46 133 4
t 8 90 142
t 6 91 143
t 62 114 136
t 14 122 106
t 32 123 107
t 80 136 114
t 16 17 112
t 34 35 113
t 7 116 10
t 5 117 9
t 23 98 125
t 68 125 98
t 99 69 124
t 43 99 124
t 12 100 144
t 76 144 100
t 30 101 146
t 78 146 101
t 57 96 140
t 59 97 141
t 66 96 142
t 67 97 143
t 66 140 96
t 67 141 97
t 72 100 148
t 73 101 149
t 43 124 44
t 22 23 125
t 63 137 108
t 63 115 137
t 81 137 115
t 47 8 134
t 6 135 53
t 74 108 137
t 12 144 11
t 45 147 46
t 21 145 20
t 29 30 146
t 72 138 102
t 73 139 103
t 62 136 109
t 75 109 136
t 64 117 138
t 65 116 139
t 65 139 107
t 72 106 138
t 107 139 73
t 64 138 106
t 64 106 122
t 65 107 123
t 70 120 126
t 68 126 120
t 71 121 127
t 69 127 121
t 133 147 79
t 46 147 133
t 11 144 130
t 20 145 131
t 76 130 144
t 29 146 132
t 77 131 145
t 78 132 146
t 119 137 81
t 74 137 119
t 80 118 136
t 75 136 118
t 54 55 150
t 51 150 52
t 9 52 153
t 5 153 55
t 6 151 10
t 51 152 150
t 54 150 152
t 52 150 55
t 6 53 151
t 50 10 151
t 53 152 151
t 50 151 152
t 5 9 153
t 52 55 153
t 53 54 152
t 50 152 51
t 48 49 157
t 51 52 156
t 49 7 155
t 9 154 52
t 51 156 157
t 48 157 156
t 49 155 50
t 49 50 157
t 9 8 154
t 7 10 155
t 47 154 8
t 50 155 10
t 50 51 157
t 47 48 156
t 47 156 154
t 52 154 156
l 57 128 77 0
l 59 129 79 0
l 48 74 49 0
l 54 75 55 0
l 57 86 128 0
l 59 87 129 0
l 56 72 102 0
l 58 73 103 0
l 41 85 42 0
l 24 25 84 0
l 41 105 85 0
l 25 104 84 0
l 56 100 72 0
l 58 101 73 0
l 49 74 119 0
l 55 75 118 0
l 44 124 93 0
l 22 125 92 0
l 38 76 110 0
l 28 78 111 0
l 48 94 74 0
l 54 95 75 0
l 26 111 83 0
l 40 110 82 0
l 56 102 80 0
l 58 103 81 0
l 60 74 94 0
l 61 75 95 0
l 42 85 99 0
l 24 84 98 0
l 56 110 76 0
l 58 111 78 0
l 38 130 76 0
l 28 132 78 0
l 26 27 111 0
l 39 110 40 0
l 70 126 94 0
l 71 127 95 0
l 57 77 92 0
l 59 79 93 0
l 56 76 100 0
l 58 78 101 0
l 93 124 69 0
l 68 92 125 0
l 60 108 74 0
l 44 93 45 0
l 21 22 92 0
l 60 94 126 0
l 61 95 127 0
l 56 82 110 0
l 58 83 111 0
l 61 109 75 0
l 39 38 110 0
l 27 28 111 0
l 42 99 43 0
l 23 24 98 0
l 64 88 90 0
l 65 89 91 0
l 17 18 86 0
l 35 36 87 0
l 7 81 103 0
l 5 80 102 0
l 63 84 104 0
l 62 85 105 0
l 7 119 81 0
l 5 118 80 0
l 14 106 13 0
l 32 107 31 0
l 66 90 88 0
l 89 67 91 0
l 13 106 148 0
l 107 149 31 0
l 15 16 88 0
l 33 34 89 0
l 56 80 114 0
l 60 98 84 0
l 61 99 85 0
l 58 81 115 0
l 57 92 120 0
l 59 93 121 0
l 68 120 92 0
l 93 69 121 0
l 40 82 105 0
l 26 83 104 0
l 7 103 116 0
l 5 102 117 0
l 47 94 48 0
l 53 95 54 0
l 9 90 8 0
l 6 10 91 0
l 70 94 134 0
l 71 95 135 0
l 103 139 116 0
l 102 138 117 0
l 8 96 134 0
l 6 97 135 0
l 66 112 86 0
l 87 67 113 0
l 17 86 112 0
l 35 87 113 0
l 16 112 88 0
l 34 113 89 0
l 64 90 117 0
l 65 91 116 0
l 62 105 82 0
l 83 63 104 0
l 66 88 112 0
l 89 113 67 0
l 70 134 96 0
l 71 135 97 0
l 62 82 114 0
l 58 115 83 0
l 19 131 128 0
l 37 133 129 0
l 60 126 98 0
l 61 127 99 0
l 66 86 140 0
l 87 141 67 0
l 56 114 82 0
l 83 115 63 0
l 70 96 120 0
l 57 120 96 0
l 71 97 121 0
l 59 121 97 0
l 68 98 126 0
l 99 127 69 0
l 63 108 84 0
l 61 85 109 0
l 18 128 86 0
l 36 129 87 0
l 5 55 118 0
l 49 119 7 0
l 60 84 108 0
l 62 109 85 0
l 9 117 90 0
l 10 116 91 0
l 57 140 86 0
l 59 141 87 0
l 40 105 41 0
l 25 26 104 0
l 47 134 94 0
l 53 135 95 0
l 12 148 100 0
l 30 149 101 0
l 18 19 128 0
l 36 37 129 0
l 13 148 12 0
l 30 31 149 0
l 77 128 131 0
l 79 129 133 0
l 8 142 96 0
l 6 143 97 0
l 66 142 90 0
l 67 143 91 0
l 15 88 122 0
l 33 89 123 0
l 64 122 88 0
l 65 123 89 0
l 32 33 123 0
l 14 15 122 0
l 21 92 145 0
l 92 77 145 0
l 93 79 147 0
l 45 93 147 0
l 72 148 106 0
l 107 73 149 0
l 2 11 130 0
l 2 130 38 0
l 1 131 19 0
l 28 3 132 0
l 20 131 1 0
l 3 29 132 0
l 37 4 133 0
l 46 133 4 0
l 8 90 142 0
l 6 91 143 0
l 62 114 136 0
l 14 122 106 0
l 32 123 107 0
l 80 136 114 0
l 16 17 112 0
l 34 35 113 0
l 7 116 10 0
l 5 117 9 0
l 23 98 125 0
l 68 125 98 0
l 99 69 124 0
l 43 99 124 0
l 12 100 144 0
l 76 144 100 0
l 30 101 146 0
l 78 146 101 0
l 57 96 140 0
l 59 97 141 0
l 66 96 142 0
l 67 97 143 0
l 66 140 96 0
l 67 141 97 0
l 72 100 148 0
l 73 101 149 0
l 43 124 44 0
l 22 23 125 0
l 63 137 108 0
l 63 115 137 0
l 81 137 115 0
l 47 8 134 0
l 6 135 53 0
l 74 108 137 0
l 12 144 11 0
l 45 147 46 0
l 21 145 20 0
l 29 30 146 0
l 72 138 102 0
l 73 139 103 0
l 62 136 109 0
l 75 109 136 0
l 64 117 138 0
l 65 116 139 0
l 65 139 107 0
l 72 106 138 0
l 107 139 73 0
l 64 138 106 0
l 64 106 122 0
l 65 107 123 0
l 70 120 126 0
l 68 126 120 0
l 71 121 127 0
l 69 127 121 0
l 133 147 79 0
l 46 147 133 0
l 11 144 130 0
l 20 145 131 0
l 76 130 144 0
l 29 146 132 0
l 77 131 145 0
l 78 132 146 0
l 119 137 81 0
l 74 137 119 0
l 80 118 136 0
l 75 136 118 0
l 54 55 150 1
l 51 150 52 1
l 9 52 153 1
l 5 153 55 1
l 6 151 10 1
l 51 152 150 1
l 54 150 152 1
l 52 150 55 1
l 6 53 151 1
l 50 10 151 1
l 53 152 151 1
l 50 151 152 1
l 5 9 153 1
l 52 55 153 1
l 53 54 152 1
l 50 152 51 1
l 48 49 157 2
l 51 52 156 2
l 49 7 155 2
l 9 154 52 2
l 51 156 157 2
l 48 157 156 2
l 49 155 50 2
l 49 50 157 2
l 9 8 154 2
l 7 10 155 2
l 47 154 8 2
l 50 155 10 2
l 50 51 157 2
l 47 48 156 2
l 47 156 154 2
l 52 154 156 2
